0110101110100111000100100
0001001011011101010100100
0010001100000000100001011
0011100100000001000110011
0111110100010111001000100
0001100100000011010000110
0001000111011100100010001
0111110001011100000100100
1001101110101100010010001
0100101110101001001010011
0110010100100110010000011
0001000111010000111110010
1001010011000000001001010
0010101000001100011110011
0010110100000110011000100
1001101110010100010001101
0110001000100011001100111
0000101011000001100100100
0000111000100110010010010
0010100000000010101100100
1001100100000001000110010
0111101000101110010001011
1001010011011100110100100
1001001100000001000110011
0001010001000001010100100
0110010100100010000001011
0001100100010000010111000
1001001111010001000100100
0110101110000110010010010
0000110001010001001001010
1000110100011000000100000
1001000000010000110110011
1001000010100010010010110
0001010001110000111110011
1010101000100011010010010
0110001000000101000101110
1100100100000011000100000
1000100100010110100000010
0100001101011111010010011
1000010100010001000101010
1001100100000100011111000
1000010100010000010010011
0001010001000001001000111
0101101000001100011110011
0010101011000001001000111
0111001111001000110110010
0111101000011101010010010
1001010110011101000100011
0011010001000000001000100
0001110001011100110100100
0010101011101000101000100
0111010001001100000001101
0011010001000001001001111
0010101000010110010010010
1100000000000100011110011
0110001110101001001000100
0101101000011010101010010
0011111000011000110110010
0010101011000000100010001
0101101110001100100000010
0001001011011101010000011
0000001101001100010001011
0101100000100100010010001
0110101110100111000100000
